11111111111111111111111111111111111111111111111111111111111111111111111
00100010000010100000001000000010100000100010001000001000001000100010001
10111010111010101111101011111010101110101010101011101011111010101010101
10100010101000001000001010100010000010001010101010001010001010001000101
10101110101110111011111010101111111011111010101110111010101110101111101
10000000100010100000100010100000100010001000100000100000100010101010001
11101111101110101011101110111110111010101111111111111010111010101010111
10001000100000101000001010000000100010101000000000001010001010101010001
10111110111111111111111010111111101110101011111111101111101011101011101
10000000100000001000100010000000000010101010001000100000101010001010001
11111111101111101010101111111111111010101010111010111110101010111010111
10001000101000101010000000000000100010101010000010000000101000100000101
10101010101011101011111110111110101111101011111111111111101111111111101
10100010001000101000100000100000100000100010000000100000001010000000001
10111011111110101110101111101111101110101110111110101011111010111111101
10001000101000101000101000100000100010000010100010101010000010001010001
11101110101010101110101010111110111011101010101010111011111011101010111
10101000101010100010100010001000100010101010101010001000100000100010101
10101011101010111010111111101011111110101010101011101110101011111110101
10001000001010001010100000001000100010001010001000100010001000100000001
11111111101011101011101011111110101011111011111010111011101010111110101
10000010001010101010001000100010001000001010100010001010001010000010101
10111010111010101010111110101111111111101010101111101010111011111010111
10101010100010001000100010101000000000101010001000001010001000001000001
10101010101111111111101010101011111111101011111111111011101011111111101
10100010001000100000001010101010000000100000000000001010001000100000001
10111110111110101111111010101011101010101011111110111010111110101111111
10000000101000100010001000001000001010001000001000100000100010101000101
11111111101011111010101110111111111011111110101111101011101010101010101
10001000100000001010100000001000000010100010100000101000101000100010001
10101010111110111010111111111011111010101011111011101110101111111011111
10100010000010000010000010001010001010101010001000001000100010001010001
10111111111011111111111010101010101110101010101111111011111011101010101
10001000001000000000001000101010100000101010101000001010100010001000101
10111010101111111011111111101010111110101110101010101010101110111111101
10000010100000001000000000001000100000100000100010100010000010000000000
11111111111111111111111111111111111111111111111111111111111111111111111